   0.99993,
   0.99993,
   0.99992,
   0.99992,
   0.99991,
   0.99990,
   0.99988,
   0.99987,
   0.99985,
   0.99982,
   0.99979,
   0.99976,
   0.99972,
   0.99967,
   0.99961,
   0.99955,
   0.99947,
   0.99938,
   0.99928,
   0.99917,
   0.99903,
   0.99888,
   0.99870,
   0.99850,
   0.99828,
   0.99801,
   0.99772,
   0.99738,
   0.99700,
   0.99657,
   0.99608,
   0.99553,
   0.99491,
   0.99421,
   0.99343,
   0.99255,
   0.99157,
   0.99048,
   0.98926,
   0.98790,
   0.98640,
   0.98473,
   0.98289,
   0.98085,
   0.97860,
   0.97612,
   0.97340,
   0.97042,
   0.96715,
   0.96358,
   0.95968,
   0.95543,
   0.95081,
   0.94579,
   0.94036,
   0.93447,
   0.92812,
   0.92127,
   0.91390,
   0.90597,
   0.89748,
   0.88838,
   0.87865,
   0.86828,
   0.85722,
   0.84547,
   0.83299,
   0.81977,
   0.80579,
   0.79103,
   0.77547,
   0.75909,
   0.74189,
   0.72386,
   0.70498,
   0.68525,
   0.66468,
   0.64326,
   0.62099,
   0.59789,
   0.57395,
   0.54921,
   0.52367,
   0.49736,
   0.47030,
   0.44251,
   0.41403,
   0.38489,
   0.35513,
   0.32479,
   0.29391,
   0.26253,
   0.23072,
   0.19851,
   0.16595,
   0.13311,
   0.10004,
   0.06679,
   0.03342,
   0.00000,
